2000, 0.0285
4000, 0.059
6000, 0.002
8000, 0.028
10000, 0.049
12000, 0.033
14000, 0.024
16000, 0.062
18000, 0.007
20000, 0.036
22000, 0.037
24000, 0.058
26000, 0.035
28000, 0.019
30000, 0.006
32000, 0.042
34000, 0.053
36000, 0.027
38000, 0.006
40000, 0.045
42000, 0.055
44000, 0.071
46000, 0.037
48000, 0.016
50000, 0.035
2000, 0.0345
4000, 0.027
6000, 0.041
8000, 0.055
10000, 0.025
12000, 0.04
14000, 0.041
16000, 0.004
18000, 0.054
20000, 0.006
22000, 0.011
24000, 0.043
26000, 0.062
28000, 0.008
30000, 0.055
32000, 0.076
34000, 0.057
36000, 0.035
38000, 0.023
40000, 0.069
42000, 0.05
44000, 0.055
46000, 0.049
48000, 0.033
50000, 0.023
52000, 0.056
54000, 0.032
56000, 0.027
58000, 0.049
60000, 0.054
62000, 0.093
64000, 0.048
66000, 0.056
68000, 0.077
70000, 0.033
72000, 0.029
74000, 0.031
76000, 0.045
78000, 0.071
80000, 0.072
82000, 0.098
84000, 0.079
86000, 0.068
88000, 0.061
90000, 0.035
92000, 0.065
94000, 0.1
96000, 0.062
98000, 0.059
100000, 0.083
2000, 0.0195
4000, 0.018
6000, 0.007
8000, 0.01
10000, 0.025
12000, 0.052
14000, -0.012
16000, -0.007
18000, -0.013
20000, 0.032
22000, 0.019
24000, 0.007
26000, -0.004
28000, 0.033
30000, 0.025
32000, 0.07
34000, 0.076
36000, 0.019
38000, 0.009
40000, 0.045
42000, 0.053
44000, 0.027
46000, 0.033
48000, 0.036
50000, 0.066
52000, 0.046
54000, 0.039
56000, 0.03
58000, 0.043
60000, 0.034
62000, 0.051
64000, 0.041
66000, 0.053
68000, 0.043
70000, 0.075
72000, 0.039
74000, 0.018
76000, 0.066
78000, 0.044
80000, 0.04
82000, 0.06
84000, 0.042
86000, 0.042
88000, 0.037
90000, 0.052
92000, 0.06
94000, 0.084
96000, 0.013
98000, 0.07
100000, 0.072
